1886 0
1887 3
1888 -1
1889 -1
1890 -3
1891 -1
1892 -1
1893 -1
1895 -1
1896 3
1897 -1
1898 -1
1899 0
1900 -1
1901 -2
1902 -2
1903 -2
1904 -2
1905 -2
1906 -1
1907 -1
1908 -2
1909 -2
1910 -3
1911 -1
1912 -3
1913 -1
1914 -1
1915 -2
1916 -2
1917 -1
1918 -6
1919 -2
1920 -2
1921 -1
1922 -2
1923 -2
1924 -1
1925 -1
1926 0
1927 -1
1928 -2
1929 -2
1930 -2
1931 -2
1932 0
1933 -2
1934 -1
1935 -1
1936 -2
1937 -2
1938 0
1939 0
1940 -1
1941 -1
1942 -1
1943 -1
1944 -1
1945 -2
1946 -1
1947 -3
1948 0
1949 0
1950 0
1951 -1
1952 -1
1953 0
1954 -1
1955 0
1956 -1
1957 -2
1958 0
1959 0
1960 -1
1961 -1
1962 0
1963 0
1964 -1
1965 0
1966 -1
1967 0
1968 -1
1969 -1
1970 -1
1971 -1
1972 -1
1973 0
1974 -1
1975 0
1976 -1
1977 -1
1978 0
1979 0
1980 -1
1981 0
1982 0
1983 0
1984 -1
1985 -1
1986 0
1987 0
1988 0
1989 0
1990 0
1991 0
1992 0
1993 0
1994 0
