1886 17
1887 18
1888 19
1889 19
1890 8
1891 17
1892 18
1893 18
1895 18
1896 20
1897 19
1898 18
1899 18
1900 19
1901 18
1902 16
1903 17
1904 17
1905 18
1906 17
1907 17
1908 18
1909 18
1910 15
1911 17
1912 17
1913 17
1914 17
1915 17
1916 17
1917 17
1918 0
1919 17
1920 17
1921 18
1922 18
1923 17
1924 18
1925 17
1926 19
1927 16
1928 18
1929 16
1930 17
1931 17
1932 17
1933 17
1934 17
1935 17
1936 17
1937 17
1938 17
1939 19
1940 17
1941 18
1942 17
1943 17
1944 17
1945 16
1946 18
1947 16
1948 18
1949 17
1950 19
1951 17
1952 18
1953 18
1954 19
1955 19
1956 18
1957 16
1958 18
1959 17
1960 17
1961 16
1962 17
1963 17
1964 18
1965 17
1966 17
1967 17
1968 17
1969 18
1970 18
1971 17
1972 16
1973 16
1974 19
1975 17
1976 17
1977 17
1978 17
1979 18
1980 19
1981 17
1982 17
1983 16
1984 17
1985 17
1986 18
1987 17
1988 16
1989 17
1990 18
1991 18
1992 17
1993 18
1994 18
