1886 -22
1887 -7
1888 -25
1889 -22
1890 -19
1891 -21
1892 -20
1893 -24
1895 -24
1896 -6
1897 -23
1898 -21
1899 -21
1900 -24
1901 -25
1902 -21
1903 -23
1904 -25
1905 -22
1906 -22
1907 -23
1908 -24
1909 -23
1910 -24
1911 -22
1912 -22
1913 -23
1914 -20
1915 -23
1916 -23
1917 -23
1918 -21
1919 -24
1920 -24
1921 -21
1922 -25
1923 -23
1924 -22
1925 -22
1926 -23
1927 -22
1928 -23
1929 -26
1930 -23
1931 -24
1932 -21
1933 -23
1934 -23
1935 -21
1936 -23
1937 -23
1938 -21
1939 -19
1940 -24
1941 -22
1942 -21
1943 -23
1944 -23
1945 -24
1946 -23
1947 -26
1948 -20
1949 -20
1950 -20
1951 -23
1952 -21
1953 -21
1954 -23
1955 -21
1956 -22
1957 -23
1958 -19
1959 -21
1960 -20
1961 -20
1962 -18
1963 -19
1964 -22
1965 -20
1966 -22
1967 -21
1968 -22
1969 -24
1970 -22
1971 -22
1972 -22
1973 -20
1974 -22
1975 -22
1976 -20
1977 -23
1978 -21
1979 -21
1980 -21
1981 -20
1982 -20
1983 -18
1984 -22
1985 -22
1986 -21
1987 -12
1988 -20
1989 -20
1990 -20
1991 -22
1992 -18
1993 -19
1994 -19
